1 1 1 1 1 1 1 1 1 1 1 1 1 1 1 1
1 1 1 1 1 1 1 1 1 1 1 1 1 1 1 1
1 1 1 1 1 1 1 1 1 1 1 1 1 1 1 1
1 1 1 1 0 0 0 0 0 0 0 0 1 1 1 1  <- верхние углы слегка скруглились
1 1 1 0 0 0 0 0 0 0 0 0 0 1 1 1
1 1 1 0 0 0 1 1 1 1 0 0 0 1 1 1  <- внутренний угол стал плавным
1 1 1 0 0 1 1 1 1 1 1 0 0 1 1 1
1 1 1 0 0 1 1 1 1 1 1 0 0 1 1 1
1 1 1 0 0 1 1 1 1 1 1 0 0 1 1 1
1 1 1 0 0 1 1 1 1 1 1 0 0 1 1 1
1 1 1 0 0 1 1 1 1 1 1 0 0 1 1 1
1 1 1 0 0 0 1 1 1 1 0 0 0 1 1 1  <- внутренний угол стал плавным
1 1 0 0 0 0 0 0 0 0 0 0 0 0 1 1
1 0 0 0 0 0 0 0 0 0 0 0 0 0 0 1
1 1 0 0 0 0 0 0 0 0 0 0 0 0 1 1  <- самые нижние уголки "съелись"
1 1 1 1 1 1 1 1 1 1 1 1 1 1 1 1