1 1 1 1 1 1 1 1 1 1 1 1 1 1 1 1
1 1 1 1 1 1 1 1 1 1 1 1 1 1 1 1
1 1 1 1 1 1 1 1 1 1 1 1 1 1 1 1
1 1 1 0 0 0 0 0 0 0 0 0 0 1 1 1  <- верхняя перекладина
1 1 1 0 0 0 0 0 0 0 0 0 0 1 1 1
1 1 1 0 0 1 1 1 1 1 1 0 0 1 1 1  <- начало ножек
1 1 1 0 0 1 1 1 1 1 1 0 0 1 1 1
1 1 1 0 0 1 1 1 1 1 1 0 0 1 1 1
1 1 1 0 0 1 1 1 1 1 1 0 0 1 1 1
1 1 1 0 0 1 1 1 1 1 1 0 0 1 1 1
1 1 1 0 0 1 1 1 1 1 1 0 0 1 1 1
1 1 1 0 0 1 1 1 1 1 1 0 0 1 1 1
1 1 0 0 0 0 0 0 0 0 0 0 0 0 1 1  <- расширение книзу
1 0 0 0 0 0 0 0 0 0 0 0 0 0 0 1  <- нижние "ножки"
1 0 0 0 0 0 0 0 0 0 0 0 0 0 0 1
1 1 1 1 1 1 1 1 1 1 1 1 1 1 1 1